(kicad_pcb (version 20171130) (host pcbnew "(5.1.9)-1")

  (general
    (thickness 1.6)
    (drawings 45)
    (tracks 0)
    (zones 0)
    (modules 40)
    (nets 1)
  )

  (page A4)
  (layers
    (0 F.Cu signal)
    (1 In1.Cu power)
    (2 In2.Cu power)
    (31 B.Cu signal)
    (32 B.Adhes user)
    (33 F.Adhes user)
    (34 B.Paste user)
    (35 F.Paste user)
    (36 B.SilkS user)
    (37 F.SilkS user)
    (38 B.Mask user)
    (39 F.Mask user)
    (40 Dwgs.User user)
    (41 Cmts.User user)
    (42 Eco1.User user)
    (43 Eco2.User user)
    (44 Edge.Cuts user)
    (45 Margin user)
    (46 B.CrtYd user)
    (47 F.CrtYd user)
    (48 B.Fab user)
    (49 F.Fab user)
  )

  (setup
    (last_trace_width 0.25)
    (trace_clearance 0.2)
    (zone_clearance 0.508)
    (zone_45_only no)
    (trace_min 0.2)
    (via_size 0.8)
    (via_drill 0.4)
    (via_min_size 0.4)
    (via_min_drill 0.3)
    (uvia_size 0.3)
    (uvia_drill 0.1)
    (uvias_allowed no)
    (uvia_min_size 0.2)
    (uvia_min_drill 0.1)
    (edge_width 0.05)
    (segment_width 0.2)
    (pcb_text_width 0.3)
    (pcb_text_size 1.5 1.5)
    (mod_edge_width 0.12)
    (mod_text_size 1 1)
    (mod_text_width 0.15)
    (pad_size 1.524 1.524)
    (pad_drill 0.762)
    (pad_to_mask_clearance 0)
    (aux_axis_origin 0 0)
    (visible_elements 7FFFFFFF)
    (pcbplotparams
      (layerselection 0x010fc_ffffffff)
      (usegerberextensions false)
      (usegerberattributes true)
      (usegerberadvancedattributes true)
      (creategerberjobfile true)
      (excludeedgelayer true)
      (linewidth 0.100000)
      (plotframeref false)
      (viasonmask false)
      (mode 1)
      (useauxorigin false)
      (hpglpennumber 1)
      (hpglpenspeed 20)
      (hpglpendiameter 15.000000)
      (psnegative false)
      (psa4output false)
      (plotreference true)
      (plotvalue true)
      (plotinvisibletext false)
      (padsonsilk false)
      (subtractmaskfromsilk false)
      (outputformat 1)
      (mirror false)
      (drillshape 1)
      (scaleselection 1)
      (outputdirectory ""))
  )

  (net 0 "")

  (net_class Default "This is the default net class."
    (clearance 0.2)
    (trace_width 0.25)
    (via_dia 0.8)
    (via_drill 0.4)
    (uvia_dia 0.3)
    (uvia_drill 0.1)
  )

  (module Sebs:Socket_DIN41612-CaseC1-full-Male-96Pin-3rows (layer F.Cu) (tedit 60E984D3) (tstamp 60DE8122)
    (at 226.314 92.202 90)
    (fp_text reference REF** (at 0 6.35 90) (layer F.SilkS)
      (effects (font (size 1 1) (thickness 0.15)))
    )
    (fp_text value Socket_DIN41612-CaseC1-full-Male-96Pin-3rows (at 0 12.7 90) (layer F.Fab)
      (effects (font (size 1 1) (thickness 0.15)))
    )
    (fp_line (start -47.117 2.54) (end -40.767 2.54) (layer F.SilkS) (width 0.15))
    (fp_line (start -47.117 7.874) (end -47.117 2.54) (layer F.SilkS) (width 0.15))
    (fp_line (start 47.117 7.874) (end -47.117 7.874) (layer F.SilkS) (width 0.15))
    (fp_line (start 47.117 2.54) (end 47.117 7.874) (layer F.SilkS) (width 0.15))
    (fp_line (start 47.117 2.54) (end 40.767 2.54) (layer F.SilkS) (width 0.15))
    (fp_line (start -44.45 14.986) (end -44.45 7.874) (layer F.Fab) (width 0.15))
    (fp_line (start 44.45 14.986) (end -44.45 14.986) (layer F.Fab) (width 0.15))
    (fp_line (start 44.45 7.874) (end 44.45 14.986) (layer F.Fab) (width 0.15))
    (pad 1 thru_hole circle (at 44.45 5.08 90) (size 2.90068 2.90068) (drill 2.90068) (layers *.Cu *.Mask))
    (pad 1 thru_hole circle (at -44.45 5.08 90) (size 2.90068 2.90068) (drill 2.90068) (layers *.Cu *.Mask))
    (pad 32a thru_hole circle (at -39.37 -2.54 270) (size 1.50114 1.50114) (drill 0.8001) (layers *.Cu *.Mask))
    (pad 31a thru_hole circle (at -36.83 -2.54 270) (size 1.50114 1.50114) (drill 0.8001) (layers *.Cu *.Mask))
    (pad 30a thru_hole circle (at -34.29 -2.54 270) (size 1.50114 1.50114) (drill 0.8001) (layers *.Cu *.Mask))
    (pad 29a thru_hole circle (at -31.75 -2.54 270) (size 1.50114 1.50114) (drill 0.8001) (layers *.Cu *.Mask))
    (pad 28a thru_hole circle (at -29.21 -2.54 270) (size 1.50114 1.50114) (drill 0.8001) (layers *.Cu *.Mask))
    (pad 27a thru_hole circle (at -26.67 -2.54 270) (size 1.50114 1.50114) (drill 0.8001) (layers *.Cu *.Mask))
    (pad 26a thru_hole circle (at -24.13 -2.54 270) (size 1.50114 1.50114) (drill 0.8001) (layers *.Cu *.Mask))
    (pad 25a thru_hole circle (at -21.59 -2.54 270) (size 1.50114 1.50114) (drill 0.8001) (layers *.Cu *.Mask))
    (pad 24a thru_hole circle (at -19.05 -2.54 270) (size 1.50114 1.50114) (drill 0.8001) (layers *.Cu *.Mask))
    (pad 23a thru_hole circle (at -16.51 -2.54 270) (size 1.50114 1.50114) (drill 0.8001) (layers *.Cu *.Mask))
    (pad 22a thru_hole circle (at -13.97 -2.54 270) (size 1.50114 1.50114) (drill 0.8001) (layers *.Cu *.Mask))
    (pad 21a thru_hole circle (at -11.43 -2.54 270) (size 1.50114 1.50114) (drill 0.8001) (layers *.Cu *.Mask))
    (pad 20a thru_hole circle (at -8.89 -2.54 270) (size 1.50114 1.50114) (drill 0.8001) (layers *.Cu *.Mask))
    (pad 19a thru_hole circle (at -6.35 -2.54 270) (size 1.50114 1.50114) (drill 0.8001) (layers *.Cu *.Mask))
    (pad 18a thru_hole circle (at -3.81 -2.54 270) (size 1.50114 1.50114) (drill 0.8001) (layers *.Cu *.Mask))
    (pad 17a thru_hole circle (at -1.27 -2.54 270) (size 1.50114 1.50114) (drill 0.8001) (layers *.Cu *.Mask))
    (pad 16a thru_hole circle (at 1.27 -2.54 270) (size 1.50114 1.50114) (drill 0.8001) (layers *.Cu *.Mask))
    (pad 15a thru_hole circle (at 3.81 -2.54 270) (size 1.50114 1.50114) (drill 0.8001) (layers *.Cu *.Mask))
    (pad 14a thru_hole circle (at 6.35 -2.54 270) (size 1.50114 1.50114) (drill 0.8001) (layers *.Cu *.Mask))
    (pad 13a thru_hole circle (at 8.89 -2.54 270) (size 1.50114 1.50114) (drill 0.8001) (layers *.Cu *.Mask))
    (pad 12a thru_hole circle (at 11.43 -2.54 270) (size 1.50114 1.50114) (drill 0.8001) (layers *.Cu *.Mask))
    (pad 11a thru_hole circle (at 13.97 -2.54 270) (size 1.50114 1.50114) (drill 0.8001) (layers *.Cu *.Mask))
    (pad 10a thru_hole circle (at 16.51 -2.54 270) (size 1.50114 1.50114) (drill 0.8001) (layers *.Cu *.Mask))
    (pad 9a thru_hole circle (at 19.05 -2.54 270) (size 1.50114 1.50114) (drill 0.8001) (layers *.Cu *.Mask))
    (pad 8a thru_hole circle (at 21.59 -2.54 270) (size 1.50114 1.50114) (drill 0.8001) (layers *.Cu *.Mask))
    (pad 7a thru_hole circle (at 24.13 -2.54 270) (size 1.50114 1.50114) (drill 0.8001) (layers *.Cu *.Mask))
    (pad 6a thru_hole circle (at 26.67 -2.54 270) (size 1.50114 1.50114) (drill 0.8001) (layers *.Cu *.Mask))
    (pad 5a thru_hole circle (at 29.21 -2.54 270) (size 1.50114 1.50114) (drill 0.8001) (layers *.Cu *.Mask))
    (pad 3a thru_hole circle (at 34.29 -2.54 270) (size 1.50114 1.50114) (drill 0.8001) (layers *.Cu *.Mask))
    (pad 4a thru_hole circle (at 31.75 -2.54 270) (size 1.50114 1.50114) (drill 0.8001) (layers *.Cu *.Mask))
    (pad 2a thru_hole circle (at 36.83 -2.54 270) (size 1.50114 1.50114) (drill 0.8001) (layers *.Cu *.Mask))
    (pad 1a thru_hole circle (at 39.37 -2.54 270) (size 1.50114 1.50114) (drill 0.8001) (layers *.Cu *.Mask))
    (pad 1b thru_hole circle (at 39.37 0 270) (size 1.50114 1.50114) (drill 0.8001) (layers *.Cu *.Mask))
    (pad 2b thru_hole circle (at 36.83 0 270) (size 1.50114 1.50114) (drill 0.8001) (layers *.Cu *.Mask))
    (pad 4b thru_hole circle (at 31.75 0 270) (size 1.50114 1.50114) (drill 0.8001) (layers *.Cu *.Mask))
    (pad 3b thru_hole circle (at 34.29 0 270) (size 1.50114 1.50114) (drill 0.8001) (layers *.Cu *.Mask))
    (pad 5b thru_hole circle (at 29.21 0 270) (size 1.50114 1.50114) (drill 0.8001) (layers *.Cu *.Mask))
    (pad 6b thru_hole circle (at 26.67 0 270) (size 1.50114 1.50114) (drill 0.8001) (layers *.Cu *.Mask))
    (pad 7b thru_hole circle (at 24.13 0 270) (size 1.50114 1.50114) (drill 0.8001) (layers *.Cu *.Mask))
    (pad 8b thru_hole circle (at 21.59 0 270) (size 1.50114 1.50114) (drill 0.8001) (layers *.Cu *.Mask))
    (pad 9b thru_hole circle (at 19.05 0 270) (size 1.50114 1.50114) (drill 0.8001) (layers *.Cu *.Mask))
    (pad 10b thru_hole circle (at 16.51 0 270) (size 1.50114 1.50114) (drill 0.8001) (layers *.Cu *.Mask))
    (pad 11b thru_hole circle (at 13.97 0 270) (size 1.50114 1.50114) (drill 0.8001) (layers *.Cu *.Mask))
    (pad 12b thru_hole circle (at 11.43 0 270) (size 1.50114 1.50114) (drill 0.8001) (layers *.Cu *.Mask))
    (pad 13b thru_hole circle (at 8.89 0 270) (size 1.50114 1.50114) (drill 0.8001) (layers *.Cu *.Mask))
    (pad 14b thru_hole circle (at 6.35 0 270) (size 1.50114 1.50114) (drill 0.8001) (layers *.Cu *.Mask))
    (pad 15b thru_hole circle (at 3.81 0 270) (size 1.50114 1.50114) (drill 0.8001) (layers *.Cu *.Mask))
    (pad 16b thru_hole circle (at 1.27 0 270) (size 1.50114 1.50114) (drill 0.8001) (layers *.Cu *.Mask))
    (pad 17b thru_hole circle (at -1.27 0 270) (size 1.50114 1.50114) (drill 0.8001) (layers *.Cu *.Mask))
    (pad 18b thru_hole circle (at -3.81 0 270) (size 1.50114 1.50114) (drill 0.8001) (layers *.Cu *.Mask))
    (pad 19b thru_hole circle (at -6.35 0 270) (size 1.50114 1.50114) (drill 0.8001) (layers *.Cu *.Mask))
    (pad 20b thru_hole circle (at -8.89 0 270) (size 1.50114 1.50114) (drill 0.8001) (layers *.Cu *.Mask))
    (pad 21b thru_hole circle (at -11.43 0 270) (size 1.50114 1.50114) (drill 0.8001) (layers *.Cu *.Mask))
    (pad 22b thru_hole circle (at -13.97 0 270) (size 1.50114 1.50114) (drill 0.8001) (layers *.Cu *.Mask))
    (pad 23b thru_hole circle (at -16.51 0 270) (size 1.50114 1.50114) (drill 0.8001) (layers *.Cu *.Mask))
    (pad 24b thru_hole circle (at -19.05 0 270) (size 1.50114 1.50114) (drill 0.8001) (layers *.Cu *.Mask))
    (pad 25b thru_hole circle (at -21.59 0 270) (size 1.50114 1.50114) (drill 0.8001) (layers *.Cu *.Mask))
    (pad 26b thru_hole circle (at -24.13 0 270) (size 1.50114 1.50114) (drill 0.8001) (layers *.Cu *.Mask))
    (pad 27b thru_hole circle (at -26.67 0 270) (size 1.50114 1.50114) (drill 0.8001) (layers *.Cu *.Mask))
    (pad 28b thru_hole circle (at -29.21 0 270) (size 1.50114 1.50114) (drill 0.8001) (layers *.Cu *.Mask))
    (pad 29b thru_hole circle (at -31.75 0 270) (size 1.50114 1.50114) (drill 0.8001) (layers *.Cu *.Mask))
    (pad 30b thru_hole circle (at -34.29 0 270) (size 1.50114 1.50114) (drill 0.8001) (layers *.Cu *.Mask))
    (pad 31b thru_hole circle (at -36.83 0 270) (size 1.50114 1.50114) (drill 0.8001) (layers *.Cu *.Mask))
    (pad 32b thru_hole circle (at -39.37 0 270) (size 1.50114 1.50114) (drill 0.8001) (layers *.Cu *.Mask))
    (pad 32c thru_hole circle (at -39.37 2.54 270) (size 1.50114 1.50114) (drill 0.8001) (layers *.Cu *.Mask))
    (pad 31c thru_hole circle (at -36.83 2.54 270) (size 1.50114 1.50114) (drill 0.8001) (layers *.Cu *.Mask))
    (pad 30c thru_hole circle (at -34.29 2.54 270) (size 1.50114 1.50114) (drill 0.8001) (layers *.Cu *.Mask))
    (pad 29c thru_hole circle (at -31.75 2.54 270) (size 1.50114 1.50114) (drill 0.8001) (layers *.Cu *.Mask))
    (pad 28c thru_hole circle (at -29.21 2.54 270) (size 1.50114 1.50114) (drill 0.8001) (layers *.Cu *.Mask))
    (pad 27c thru_hole circle (at -26.67 2.54 270) (size 1.50114 1.50114) (drill 0.8001) (layers *.Cu *.Mask))
    (pad 26c thru_hole circle (at -24.13 2.54 270) (size 1.50114 1.50114) (drill 0.8001) (layers *.Cu *.Mask))
    (pad 25c thru_hole circle (at -21.59 2.54 270) (size 1.50114 1.50114) (drill 0.8001) (layers *.Cu *.Mask))
    (pad 24c thru_hole circle (at -19.05 2.54 270) (size 1.50114 1.50114) (drill 0.8001) (layers *.Cu *.Mask))
    (pad 23c thru_hole circle (at -16.51 2.54 270) (size 1.50114 1.50114) (drill 0.8001) (layers *.Cu *.Mask))
    (pad 22c thru_hole circle (at -13.97 2.54 270) (size 1.50114 1.50114) (drill 0.8001) (layers *.Cu *.Mask))
    (pad 21c thru_hole circle (at -11.43 2.54 270) (size 1.50114 1.50114) (drill 0.8001) (layers *.Cu *.Mask))
    (pad 20c thru_hole circle (at -8.89 2.54 270) (size 1.50114 1.50114) (drill 0.8001) (layers *.Cu *.Mask))
    (pad 19c thru_hole circle (at -6.35 2.54 270) (size 1.50114 1.50114) (drill 0.8001) (layers *.Cu *.Mask))
    (pad 18c thru_hole circle (at -3.81 2.54 270) (size 1.50114 1.50114) (drill 0.8001) (layers *.Cu *.Mask))
    (pad 17c thru_hole circle (at -1.27 2.54 270) (size 1.50114 1.50114) (drill 0.8001) (layers *.Cu *.Mask))
    (pad 16c thru_hole circle (at 1.27 2.54 270) (size 1.50114 1.50114) (drill 0.8001) (layers *.Cu *.Mask))
    (pad 15c thru_hole circle (at 3.81 2.54 270) (size 1.50114 1.50114) (drill 0.8001) (layers *.Cu *.Mask))
    (pad 14c thru_hole circle (at 6.35 2.54 270) (size 1.50114 1.50114) (drill 0.8001) (layers *.Cu *.Mask))
    (pad 13c thru_hole circle (at 8.89 2.54 270) (size 1.50114 1.50114) (drill 0.8001) (layers *.Cu *.Mask))
    (pad 12c thru_hole circle (at 11.43 2.54 270) (size 1.50114 1.50114) (drill 0.8001) (layers *.Cu *.Mask))
    (pad 11c thru_hole circle (at 13.97 2.54 270) (size 1.50114 1.50114) (drill 0.8001) (layers *.Cu *.Mask))
    (pad 10c thru_hole circle (at 16.51 2.54 270) (size 1.50114 1.50114) (drill 0.8001) (layers *.Cu *.Mask))
    (pad 9c thru_hole circle (at 19.05 2.54 270) (size 1.50114 1.50114) (drill 0.8001) (layers *.Cu *.Mask))
    (pad 8c thru_hole circle (at 21.59 2.54 270) (size 1.50114 1.50114) (drill 0.8001) (layers *.Cu *.Mask))
    (pad 7c thru_hole circle (at 24.13 2.54 270) (size 1.50114 1.50114) (drill 0.8001) (layers *.Cu *.Mask))
    (pad 6c thru_hole circle (at 26.67 2.54 270) (size 1.50114 1.50114) (drill 0.8001) (layers *.Cu *.Mask))
    (pad 5c thru_hole circle (at 29.21 2.54 270) (size 1.50114 1.50114) (drill 0.8001) (layers *.Cu *.Mask))
    (pad 3c thru_hole circle (at 34.29 2.54 270) (size 1.50114 1.50114) (drill 0.8001) (layers *.Cu *.Mask))
    (pad 4c thru_hole circle (at 31.75 2.54 270) (size 1.50114 1.50114) (drill 0.8001) (layers *.Cu *.Mask))
    (pad 2c thru_hole circle (at 36.83 2.54 270) (size 1.50114 1.50114) (drill 0.8001) (layers *.Cu *.Mask))
    (pad 1c thru_hole circle (at 39.37 2.54 270) (size 1.50114 1.50114) (drill 0.8001) (layers *.Cu *.Mask))
    (model ${KISYS3DMOD}/Connectors_IEC_DIN.3dshapes/Socket_DIN41612-CaseC1-full-Male-96Pin-3rows.wrl
      (at (xyz 0 0 0))
      (scale (xyz 1 1 1))
      (rotate (xyz 0 0 0))
    )
  )

  (module LEDs:LED_D3.0mm (layer F.Cu) (tedit 587A3A7B) (tstamp 60E9B63E)
    (at 241.3 91.44 90)
    (descr "LED, diameter 3.0mm, 2 pins")
    (tags "LED diameter 3.0mm 2 pins")
    (fp_text reference REF** (at 1.27 -2.96 90) (layer F.SilkS)
      (effects (font (size 1 1) (thickness 0.15)))
    )
    (fp_text value LED_D3.0mm (at 1.27 3.175 90) (layer F.Fab)
      (effects (font (size 1 1) (thickness 0.15)))
    )
    (fp_arc (start 1.27 0) (end -0.23 -1.16619) (angle 284.3) (layer F.Fab) (width 0.1))
    (fp_arc (start 1.27 0) (end -0.29 -1.235516) (angle 108.8) (layer F.SilkS) (width 0.12))
    (fp_arc (start 1.27 0) (end -0.29 1.235516) (angle -108.8) (layer F.SilkS) (width 0.12))
    (fp_arc (start 1.27 0) (end 0.229039 -1.08) (angle 87.9) (layer F.SilkS) (width 0.12))
    (fp_arc (start 1.27 0) (end 0.229039 1.08) (angle -87.9) (layer F.SilkS) (width 0.12))
    (fp_circle (center 1.27 0) (end 2.77 0) (layer F.Fab) (width 0.1))
    (fp_line (start -0.23 -1.16619) (end -0.23 1.16619) (layer F.Fab) (width 0.1))
    (fp_line (start -0.29 -1.236) (end -0.29 -1.08) (layer F.SilkS) (width 0.12))
    (fp_line (start -0.29 1.08) (end -0.29 1.236) (layer F.SilkS) (width 0.12))
    (fp_line (start -1.15 -2.25) (end -1.15 2.25) (layer F.CrtYd) (width 0.05))
    (fp_line (start -1.15 2.25) (end 3.7 2.25) (layer F.CrtYd) (width 0.05))
    (fp_line (start 3.7 2.25) (end 3.7 -2.25) (layer F.CrtYd) (width 0.05))
    (fp_line (start 3.7 -2.25) (end -1.15 -2.25) (layer F.CrtYd) (width 0.05))
    (pad 1 thru_hole rect (at 0 0 90) (size 1.8 1.8) (drill 0.9) (layers *.Cu *.Mask))
    (pad 2 thru_hole circle (at 2.54 0 90) (size 1.8 1.8) (drill 0.9) (layers *.Cu *.Mask))
    (model ${KISYS3DMOD}/LEDs.3dshapes/LED_D3.0mm.wrl
      (at (xyz 0 0 0))
      (scale (xyz 0.393701 0.393701 0.393701))
      (rotate (xyz 0 0 0))
    )
  )

  (module Mounting_Holes:MountingHole_2.5mm_Pad_Via (layer F.Cu) (tedit 56DDBAEA) (tstamp 60E99C80)
    (at 241.3 47.752)
    (descr "Mounting Hole 2.5mm")
    (tags "mounting hole 2.5mm")
    (attr virtual)
    (fp_text reference REF** (at 0 -3.5) (layer F.SilkS)
      (effects (font (size 1 1) (thickness 0.15)))
    )
    (fp_text value MountingHole_2.5mm_Pad_Via (at 0 3.5) (layer F.Fab)
      (effects (font (size 1 1) (thickness 0.15)))
    )
    (fp_circle (center 0 0) (end 2.75 0) (layer F.CrtYd) (width 0.05))
    (fp_circle (center 0 0) (end 2.5 0) (layer Cmts.User) (width 0.15))
    (fp_text user %R (at 0.3 0) (layer F.Fab)
      (effects (font (size 1 1) (thickness 0.15)))
    )
    (pad 1 thru_hole circle (at 0 0) (size 5 5) (drill 2.5) (layers *.Cu *.Mask))
    (pad 1 thru_hole circle (at 1.875 0) (size 0.8 0.8) (drill 0.5) (layers *.Cu *.Mask))
    (pad 1 thru_hole circle (at 1.325825 1.325825) (size 0.8 0.8) (drill 0.5) (layers *.Cu *.Mask))
    (pad 1 thru_hole circle (at 0 1.875) (size 0.8 0.8) (drill 0.5) (layers *.Cu *.Mask))
    (pad 1 thru_hole circle (at -1.325825 1.325825) (size 0.8 0.8) (drill 0.5) (layers *.Cu *.Mask))
    (pad 1 thru_hole circle (at -1.875 0) (size 0.8 0.8) (drill 0.5) (layers *.Cu *.Mask))
    (pad 1 thru_hole circle (at -1.325825 -1.325825) (size 0.8 0.8) (drill 0.5) (layers *.Cu *.Mask))
    (pad 1 thru_hole circle (at 0 -1.875) (size 0.8 0.8) (drill 0.5) (layers *.Cu *.Mask))
    (pad 1 thru_hole circle (at 1.325825 -1.325825) (size 0.8 0.8) (drill 0.5) (layers *.Cu *.Mask))
  )

  (module Mounting_Holes:MountingHole_2.5mm_Pad_Via (layer F.Cu) (tedit 56DDBAEA) (tstamp 60E99C62)
    (at 241.3 136.652)
    (descr "Mounting Hole 2.5mm")
    (tags "mounting hole 2.5mm")
    (attr virtual)
    (fp_text reference REF** (at 0 -3.5) (layer F.SilkS)
      (effects (font (size 1 1) (thickness 0.15)))
    )
    (fp_text value MountingHole_2.5mm_Pad_Via (at 0 3.5) (layer F.Fab)
      (effects (font (size 1 1) (thickness 0.15)))
    )
    (fp_text user %R (at 0.3 0) (layer F.Fab)
      (effects (font (size 1 1) (thickness 0.15)))
    )
    (fp_circle (center 0 0) (end 2.5 0) (layer Cmts.User) (width 0.15))
    (fp_circle (center 0 0) (end 2.75 0) (layer F.CrtYd) (width 0.05))
    (pad 1 thru_hole circle (at 1.325825 -1.325825) (size 0.8 0.8) (drill 0.5) (layers *.Cu *.Mask))
    (pad 1 thru_hole circle (at 0 -1.875) (size 0.8 0.8) (drill 0.5) (layers *.Cu *.Mask))
    (pad 1 thru_hole circle (at -1.325825 -1.325825) (size 0.8 0.8) (drill 0.5) (layers *.Cu *.Mask))
    (pad 1 thru_hole circle (at -1.875 0) (size 0.8 0.8) (drill 0.5) (layers *.Cu *.Mask))
    (pad 1 thru_hole circle (at -1.325825 1.325825) (size 0.8 0.8) (drill 0.5) (layers *.Cu *.Mask))
    (pad 1 thru_hole circle (at 0 1.875) (size 0.8 0.8) (drill 0.5) (layers *.Cu *.Mask))
    (pad 1 thru_hole circle (at 1.325825 1.325825) (size 0.8 0.8) (drill 0.5) (layers *.Cu *.Mask))
    (pad 1 thru_hole circle (at 1.875 0) (size 0.8 0.8) (drill 0.5) (layers *.Cu *.Mask))
    (pad 1 thru_hole circle (at 0 0) (size 5 5) (drill 2.5) (layers *.Cu *.Mask))
  )

  (module Pin_Headers:Pin_Header_Straight_2x05_Pitch2.54mm (layer F.Cu) (tedit 59650532) (tstamp 60E98CC3)
    (at 192.405 66.04)
    (descr "Through hole straight pin header, 2x05, 2.54mm pitch, double rows")
    (tags "Through hole pin header THT 2x05 2.54mm double row")
    (fp_text reference REF** (at 1.27 -2.33) (layer F.SilkS)
      (effects (font (size 1 1) (thickness 0.15)))
    )
    (fp_text value Pin_Header_Straight_2x05_Pitch2.54mm (at 1.27 7.41) (layer F.Fab)
      (effects (font (size 1 1) (thickness 0.15)))
    )
    (fp_text user %R (at 1.27 2.54 90) (layer F.Fab)
      (effects (font (size 1 1) (thickness 0.15)))
    )
    (fp_line (start 0 -1.27) (end 3.81 -1.27) (layer F.Fab) (width 0.1))
    (fp_line (start 3.81 -1.27) (end 3.81 11.43) (layer F.Fab) (width 0.1))
    (fp_line (start 3.81 11.43) (end -1.27 11.43) (layer F.Fab) (width 0.1))
    (fp_line (start -1.27 11.43) (end -1.27 0) (layer F.Fab) (width 0.1))
    (fp_line (start -1.27 0) (end 0 -1.27) (layer F.Fab) (width 0.1))
    (fp_line (start -1.33 11.49) (end 3.87 11.49) (layer F.SilkS) (width 0.12))
    (fp_line (start -1.33 1.27) (end -1.33 11.49) (layer F.SilkS) (width 0.12))
    (fp_line (start 3.87 -1.33) (end 3.87 11.49) (layer F.SilkS) (width 0.12))
    (fp_line (start -1.33 1.27) (end 1.27 1.27) (layer F.SilkS) (width 0.12))
    (fp_line (start 1.27 1.27) (end 1.27 -1.33) (layer F.SilkS) (width 0.12))
    (fp_line (start 1.27 -1.33) (end 3.87 -1.33) (layer F.SilkS) (width 0.12))
    (fp_line (start -1.33 0) (end -1.33 -1.33) (layer F.SilkS) (width 0.12))
    (fp_line (start -1.33 -1.33) (end 0 -1.33) (layer F.SilkS) (width 0.12))
    (fp_line (start -1.8 -1.8) (end -1.8 11.95) (layer F.CrtYd) (width 0.05))
    (fp_line (start -1.8 11.95) (end 4.35 11.95) (layer F.CrtYd) (width 0.05))
    (fp_line (start 4.35 11.95) (end 4.35 -1.8) (layer F.CrtYd) (width 0.05))
    (fp_line (start 4.35 -1.8) (end -1.8 -1.8) (layer F.CrtYd) (width 0.05))
    (pad 10 thru_hole oval (at 2.54 10.16) (size 1.7 1.7) (drill 1) (layers *.Cu *.Mask))
    (pad 9 thru_hole oval (at 0 10.16) (size 1.7 1.7) (drill 1) (layers *.Cu *.Mask))
    (pad 8 thru_hole oval (at 2.54 7.62) (size 1.7 1.7) (drill 1) (layers *.Cu *.Mask))
    (pad 7 thru_hole oval (at 0 7.62) (size 1.7 1.7) (drill 1) (layers *.Cu *.Mask))
    (pad 6 thru_hole oval (at 2.54 5.08) (size 1.7 1.7) (drill 1) (layers *.Cu *.Mask))
    (pad 5 thru_hole oval (at 0 5.08) (size 1.7 1.7) (drill 1) (layers *.Cu *.Mask))
    (pad 4 thru_hole oval (at 2.54 2.54) (size 1.7 1.7) (drill 1) (layers *.Cu *.Mask))
    (pad 3 thru_hole oval (at 0 2.54) (size 1.7 1.7) (drill 1) (layers *.Cu *.Mask))
    (pad 2 thru_hole oval (at 2.54 0) (size 1.7 1.7) (drill 1) (layers *.Cu *.Mask))
    (pad 1 thru_hole rect (at 0 0) (size 1.7 1.7) (drill 1) (layers *.Cu *.Mask))
    (model ${KISYS3DMOD}/Pin_Headers.3dshapes/Pin_Header_Straight_2x05_Pitch2.54mm.wrl
      (at (xyz 0 0 0))
      (scale (xyz 1 1 1))
      (rotate (xyz 0 0 0))
    )
  )

  (module Pin_Headers:Pin_Header_Straight_2x05_Pitch2.54mm (layer F.Cu) (tedit 59650532) (tstamp 60E98C40)
    (at 240.03 64.77)
    (descr "Through hole straight pin header, 2x05, 2.54mm pitch, double rows")
    (tags "Through hole pin header THT 2x05 2.54mm double row")
    (fp_text reference REF** (at 1.27 -2.33) (layer F.SilkS)
      (effects (font (size 1 1) (thickness 0.15)))
    )
    (fp_text value Pin_Header_Straight_2x05_Pitch2.54mm (at 1.27 7.41) (layer F.Fab)
      (effects (font (size 1 1) (thickness 0.15)))
    )
    (fp_line (start 4.35 -1.8) (end -1.8 -1.8) (layer F.CrtYd) (width 0.05))
    (fp_line (start 4.35 11.95) (end 4.35 -1.8) (layer F.CrtYd) (width 0.05))
    (fp_line (start -1.8 11.95) (end 4.35 11.95) (layer F.CrtYd) (width 0.05))
    (fp_line (start -1.8 -1.8) (end -1.8 11.95) (layer F.CrtYd) (width 0.05))
    (fp_line (start -1.33 -1.33) (end 0 -1.33) (layer F.SilkS) (width 0.12))
    (fp_line (start -1.33 0) (end -1.33 -1.33) (layer F.SilkS) (width 0.12))
    (fp_line (start 1.27 -1.33) (end 3.87 -1.33) (layer F.SilkS) (width 0.12))
    (fp_line (start 1.27 1.27) (end 1.27 -1.33) (layer F.SilkS) (width 0.12))
    (fp_line (start -1.33 1.27) (end 1.27 1.27) (layer F.SilkS) (width 0.12))
    (fp_line (start 3.87 -1.33) (end 3.87 11.49) (layer F.SilkS) (width 0.12))
    (fp_line (start -1.33 1.27) (end -1.33 11.49) (layer F.SilkS) (width 0.12))
    (fp_line (start -1.33 11.49) (end 3.87 11.49) (layer F.SilkS) (width 0.12))
    (fp_line (start -1.27 0) (end 0 -1.27) (layer F.Fab) (width 0.1))
    (fp_line (start -1.27 11.43) (end -1.27 0) (layer F.Fab) (width 0.1))
    (fp_line (start 3.81 11.43) (end -1.27 11.43) (layer F.Fab) (width 0.1))
    (fp_line (start 3.81 -1.27) (end 3.81 11.43) (layer F.Fab) (width 0.1))
    (fp_line (start 0 -1.27) (end 3.81 -1.27) (layer F.Fab) (width 0.1))
    (fp_text user %R (at 1.27 2.54 90) (layer F.Fab)
      (effects (font (size 1 1) (thickness 0.15)))
    )
    (pad 1 thru_hole rect (at 0 0) (size 1.7 1.7) (drill 1) (layers *.Cu *.Mask))
    (pad 2 thru_hole oval (at 2.54 0) (size 1.7 1.7) (drill 1) (layers *.Cu *.Mask))
    (pad 3 thru_hole oval (at 0 2.54) (size 1.7 1.7) (drill 1) (layers *.Cu *.Mask))
    (pad 4 thru_hole oval (at 2.54 2.54) (size 1.7 1.7) (drill 1) (layers *.Cu *.Mask))
    (pad 5 thru_hole oval (at 0 5.08) (size 1.7 1.7) (drill 1) (layers *.Cu *.Mask))
    (pad 6 thru_hole oval (at 2.54 5.08) (size 1.7 1.7) (drill 1) (layers *.Cu *.Mask))
    (pad 7 thru_hole oval (at 0 7.62) (size 1.7 1.7) (drill 1) (layers *.Cu *.Mask))
    (pad 8 thru_hole oval (at 2.54 7.62) (size 1.7 1.7) (drill 1) (layers *.Cu *.Mask))
    (pad 9 thru_hole oval (at 0 10.16) (size 1.7 1.7) (drill 1) (layers *.Cu *.Mask))
    (pad 10 thru_hole oval (at 2.54 10.16) (size 1.7 1.7) (drill 1) (layers *.Cu *.Mask))
    (model ${KISYS3DMOD}/Pin_Headers.3dshapes/Pin_Header_Straight_2x05_Pitch2.54mm.wrl
      (at (xyz 0 0 0))
      (scale (xyz 1 1 1))
      (rotate (xyz 0 0 0))
    )
  )

  (module LEDs:LED_D3.0mm (layer F.Cu) (tedit 587A3A7B) (tstamp 60E98C18)
    (at 241.3 58.42 90)
    (descr "LED, diameter 3.0mm, 2 pins")
    (tags "LED diameter 3.0mm 2 pins")
    (fp_text reference REF** (at 1.27 -2.96 90) (layer F.SilkS)
      (effects (font (size 1 1) (thickness 0.15)))
    )
    (fp_text value LED_D3.0mm (at 1.27 3.175 90) (layer F.Fab)
      (effects (font (size 1 1) (thickness 0.15)))
    )
    (fp_arc (start 1.27 0) (end -0.23 -1.16619) (angle 284.3) (layer F.Fab) (width 0.1))
    (fp_arc (start 1.27 0) (end -0.29 -1.235516) (angle 108.8) (layer F.SilkS) (width 0.12))
    (fp_arc (start 1.27 0) (end -0.29 1.235516) (angle -108.8) (layer F.SilkS) (width 0.12))
    (fp_arc (start 1.27 0) (end 0.229039 -1.08) (angle 87.9) (layer F.SilkS) (width 0.12))
    (fp_arc (start 1.27 0) (end 0.229039 1.08) (angle -87.9) (layer F.SilkS) (width 0.12))
    (fp_circle (center 1.27 0) (end 2.77 0) (layer F.Fab) (width 0.1))
    (fp_line (start -0.23 -1.16619) (end -0.23 1.16619) (layer F.Fab) (width 0.1))
    (fp_line (start -0.29 -1.236) (end -0.29 -1.08) (layer F.SilkS) (width 0.12))
    (fp_line (start -0.29 1.08) (end -0.29 1.236) (layer F.SilkS) (width 0.12))
    (fp_line (start -1.15 -2.25) (end -1.15 2.25) (layer F.CrtYd) (width 0.05))
    (fp_line (start -1.15 2.25) (end 3.7 2.25) (layer F.CrtYd) (width 0.05))
    (fp_line (start 3.7 2.25) (end 3.7 -2.25) (layer F.CrtYd) (width 0.05))
    (fp_line (start 3.7 -2.25) (end -1.15 -2.25) (layer F.CrtYd) (width 0.05))
    (pad 1 thru_hole rect (at 0 0 90) (size 1.8 1.8) (drill 0.9) (layers *.Cu *.Mask))
    (pad 2 thru_hole circle (at 2.54 0 90) (size 1.8 1.8) (drill 0.9) (layers *.Cu *.Mask))
    (model ${KISYS3DMOD}/LEDs.3dshapes/LED_D3.0mm.wrl
      (at (xyz 0 0 0))
      (scale (xyz 0.393701 0.393701 0.393701))
      (rotate (xyz 0 0 0))
    )
  )

  (module LEDs:LED_D3.0mm (layer F.Cu) (tedit 587A3A7B) (tstamp 60E98BF4)
    (at 241.3 83.82 90)
    (descr "LED, diameter 3.0mm, 2 pins")
    (tags "LED diameter 3.0mm 2 pins")
    (fp_text reference REF** (at 1.27 -2.96 90) (layer F.SilkS)
      (effects (font (size 1 1) (thickness 0.15)))
    )
    (fp_text value LED_D3.0mm (at 1.27 3.175 90) (layer F.Fab)
      (effects (font (size 1 1) (thickness 0.15)))
    )
    (fp_line (start 3.7 -2.25) (end -1.15 -2.25) (layer F.CrtYd) (width 0.05))
    (fp_line (start 3.7 2.25) (end 3.7 -2.25) (layer F.CrtYd) (width 0.05))
    (fp_line (start -1.15 2.25) (end 3.7 2.25) (layer F.CrtYd) (width 0.05))
    (fp_line (start -1.15 -2.25) (end -1.15 2.25) (layer F.CrtYd) (width 0.05))
    (fp_line (start -0.29 1.08) (end -0.29 1.236) (layer F.SilkS) (width 0.12))
    (fp_line (start -0.29 -1.236) (end -0.29 -1.08) (layer F.SilkS) (width 0.12))
    (fp_line (start -0.23 -1.16619) (end -0.23 1.16619) (layer F.Fab) (width 0.1))
    (fp_circle (center 1.27 0) (end 2.77 0) (layer F.Fab) (width 0.1))
    (fp_arc (start 1.27 0) (end 0.229039 1.08) (angle -87.9) (layer F.SilkS) (width 0.12))
    (fp_arc (start 1.27 0) (end 0.229039 -1.08) (angle 87.9) (layer F.SilkS) (width 0.12))
    (fp_arc (start 1.27 0) (end -0.29 1.235516) (angle -108.8) (layer F.SilkS) (width 0.12))
    (fp_arc (start 1.27 0) (end -0.29 -1.235516) (angle 108.8) (layer F.SilkS) (width 0.12))
    (fp_arc (start 1.27 0) (end -0.23 -1.16619) (angle 284.3) (layer F.Fab) (width 0.1))
    (pad 2 thru_hole circle (at 2.54 0 90) (size 1.8 1.8) (drill 0.9) (layers *.Cu *.Mask))
    (pad 1 thru_hole rect (at 0 0 90) (size 1.8 1.8) (drill 0.9) (layers *.Cu *.Mask))
    (model ${KISYS3DMOD}/LEDs.3dshapes/LED_D3.0mm.wrl
      (at (xyz 0 0 0))
      (scale (xyz 0.393701 0.393701 0.393701))
      (rotate (xyz 0 0 0))
    )
  )

  (module LEDs:LED_D3.0mm (layer F.Cu) (tedit 587A3A7B) (tstamp 60E98BD0)
    (at 241.3 99.06 90)
    (descr "LED, diameter 3.0mm, 2 pins")
    (tags "LED diameter 3.0mm 2 pins")
    (fp_text reference REF** (at 1.27 -2.96 90) (layer F.SilkS)
      (effects (font (size 1 1) (thickness 0.15)))
    )
    (fp_text value LED_D3.0mm (at 1.27 3.175 90) (layer F.Fab)
      (effects (font (size 1 1) (thickness 0.15)))
    )
    (fp_arc (start 1.27 0) (end -0.23 -1.16619) (angle 284.3) (layer F.Fab) (width 0.1))
    (fp_arc (start 1.27 0) (end -0.29 -1.235516) (angle 108.8) (layer F.SilkS) (width 0.12))
    (fp_arc (start 1.27 0) (end -0.29 1.235516) (angle -108.8) (layer F.SilkS) (width 0.12))
    (fp_arc (start 1.27 0) (end 0.229039 -1.08) (angle 87.9) (layer F.SilkS) (width 0.12))
    (fp_arc (start 1.27 0) (end 0.229039 1.08) (angle -87.9) (layer F.SilkS) (width 0.12))
    (fp_circle (center 1.27 0) (end 2.77 0) (layer F.Fab) (width 0.1))
    (fp_line (start -0.23 -1.16619) (end -0.23 1.16619) (layer F.Fab) (width 0.1))
    (fp_line (start -0.29 -1.236) (end -0.29 -1.08) (layer F.SilkS) (width 0.12))
    (fp_line (start -0.29 1.08) (end -0.29 1.236) (layer F.SilkS) (width 0.12))
    (fp_line (start -1.15 -2.25) (end -1.15 2.25) (layer F.CrtYd) (width 0.05))
    (fp_line (start -1.15 2.25) (end 3.7 2.25) (layer F.CrtYd) (width 0.05))
    (fp_line (start 3.7 2.25) (end 3.7 -2.25) (layer F.CrtYd) (width 0.05))
    (fp_line (start 3.7 -2.25) (end -1.15 -2.25) (layer F.CrtYd) (width 0.05))
    (pad 1 thru_hole rect (at 0 0 90) (size 1.8 1.8) (drill 0.9) (layers *.Cu *.Mask))
    (pad 2 thru_hole circle (at 2.54 0 90) (size 1.8 1.8) (drill 0.9) (layers *.Cu *.Mask))
    (model ${KISYS3DMOD}/LEDs.3dshapes/LED_D3.0mm.wrl
      (at (xyz 0 0 0))
      (scale (xyz 0.393701 0.393701 0.393701))
      (rotate (xyz 0 0 0))
    )
  )

  (module LEDs:LED_D3.0mm (layer F.Cu) (tedit 587A3A7B) (tstamp 60E98BAC)
    (at 241.3 106.68 90)
    (descr "LED, diameter 3.0mm, 2 pins")
    (tags "LED diameter 3.0mm 2 pins")
    (fp_text reference REF** (at 1.27 -2.96 90) (layer F.SilkS)
      (effects (font (size 1 1) (thickness 0.15)))
    )
    (fp_text value LED_D3.0mm (at 1.27 3.175 90) (layer F.Fab)
      (effects (font (size 1 1) (thickness 0.15)))
    )
    (fp_line (start 3.7 -2.25) (end -1.15 -2.25) (layer F.CrtYd) (width 0.05))
    (fp_line (start 3.7 2.25) (end 3.7 -2.25) (layer F.CrtYd) (width 0.05))
    (fp_line (start -1.15 2.25) (end 3.7 2.25) (layer F.CrtYd) (width 0.05))
    (fp_line (start -1.15 -2.25) (end -1.15 2.25) (layer F.CrtYd) (width 0.05))
    (fp_line (start -0.29 1.08) (end -0.29 1.236) (layer F.SilkS) (width 0.12))
    (fp_line (start -0.29 -1.236) (end -0.29 -1.08) (layer F.SilkS) (width 0.12))
    (fp_line (start -0.23 -1.16619) (end -0.23 1.16619) (layer F.Fab) (width 0.1))
    (fp_circle (center 1.27 0) (end 2.77 0) (layer F.Fab) (width 0.1))
    (fp_arc (start 1.27 0) (end 0.229039 1.08) (angle -87.9) (layer F.SilkS) (width 0.12))
    (fp_arc (start 1.27 0) (end 0.229039 -1.08) (angle 87.9) (layer F.SilkS) (width 0.12))
    (fp_arc (start 1.27 0) (end -0.29 1.235516) (angle -108.8) (layer F.SilkS) (width 0.12))
    (fp_arc (start 1.27 0) (end -0.29 -1.235516) (angle 108.8) (layer F.SilkS) (width 0.12))
    (fp_arc (start 1.27 0) (end -0.23 -1.16619) (angle 284.3) (layer F.Fab) (width 0.1))
    (pad 2 thru_hole circle (at 2.54 0 90) (size 1.8 1.8) (drill 0.9) (layers *.Cu *.Mask))
    (pad 1 thru_hole rect (at 0 0 90) (size 1.8 1.8) (drill 0.9) (layers *.Cu *.Mask))
    (model ${KISYS3DMOD}/LEDs.3dshapes/LED_D3.0mm.wrl
      (at (xyz 0 0 0))
      (scale (xyz 0.393701 0.393701 0.393701))
      (rotate (xyz 0 0 0))
    )
  )

  (module LEDs:LED_D3.0mm (layer F.Cu) (tedit 587A3A7B) (tstamp 60E98B88)
    (at 241.3 114.3 90)
    (descr "LED, diameter 3.0mm, 2 pins")
    (tags "LED diameter 3.0mm 2 pins")
    (fp_text reference REF** (at 1.27 -2.96 90) (layer F.SilkS)
      (effects (font (size 1 1) (thickness 0.15)))
    )
    (fp_text value LED_D3.0mm (at 1.27 3.175 90) (layer F.Fab)
      (effects (font (size 1 1) (thickness 0.15)))
    )
    (fp_arc (start 1.27 0) (end -0.23 -1.16619) (angle 284.3) (layer F.Fab) (width 0.1))
    (fp_arc (start 1.27 0) (end -0.29 -1.235516) (angle 108.8) (layer F.SilkS) (width 0.12))
    (fp_arc (start 1.27 0) (end -0.29 1.235516) (angle -108.8) (layer F.SilkS) (width 0.12))
    (fp_arc (start 1.27 0) (end 0.229039 -1.08) (angle 87.9) (layer F.SilkS) (width 0.12))
    (fp_arc (start 1.27 0) (end 0.229039 1.08) (angle -87.9) (layer F.SilkS) (width 0.12))
    (fp_circle (center 1.27 0) (end 2.77 0) (layer F.Fab) (width 0.1))
    (fp_line (start -0.23 -1.16619) (end -0.23 1.16619) (layer F.Fab) (width 0.1))
    (fp_line (start -0.29 -1.236) (end -0.29 -1.08) (layer F.SilkS) (width 0.12))
    (fp_line (start -0.29 1.08) (end -0.29 1.236) (layer F.SilkS) (width 0.12))
    (fp_line (start -1.15 -2.25) (end -1.15 2.25) (layer F.CrtYd) (width 0.05))
    (fp_line (start -1.15 2.25) (end 3.7 2.25) (layer F.CrtYd) (width 0.05))
    (fp_line (start 3.7 2.25) (end 3.7 -2.25) (layer F.CrtYd) (width 0.05))
    (fp_line (start 3.7 -2.25) (end -1.15 -2.25) (layer F.CrtYd) (width 0.05))
    (pad 1 thru_hole rect (at 0 0 90) (size 1.8 1.8) (drill 0.9) (layers *.Cu *.Mask))
    (pad 2 thru_hole circle (at 2.54 0 90) (size 1.8 1.8) (drill 0.9) (layers *.Cu *.Mask))
    (model ${KISYS3DMOD}/LEDs.3dshapes/LED_D3.0mm.wrl
      (at (xyz 0 0 0))
      (scale (xyz 0.393701 0.393701 0.393701))
      (rotate (xyz 0 0 0))
    )
  )

  (module LEDs:LED_D3.0mm (layer F.Cu) (tedit 587A3A7B) (tstamp 60E98A54)
    (at 241.3 121.92 90)
    (descr "LED, diameter 3.0mm, 2 pins")
    (tags "LED diameter 3.0mm 2 pins")
    (fp_text reference REF** (at 1.27 -2.96 90) (layer F.SilkS)
      (effects (font (size 1 1) (thickness 0.15)))
    )
    (fp_text value LED_D3.0mm (at 1.27 3.175 90) (layer F.Fab)
      (effects (font (size 1 1) (thickness 0.15)))
    )
    (fp_line (start 3.7 -2.25) (end -1.15 -2.25) (layer F.CrtYd) (width 0.05))
    (fp_line (start 3.7 2.25) (end 3.7 -2.25) (layer F.CrtYd) (width 0.05))
    (fp_line (start -1.15 2.25) (end 3.7 2.25) (layer F.CrtYd) (width 0.05))
    (fp_line (start -1.15 -2.25) (end -1.15 2.25) (layer F.CrtYd) (width 0.05))
    (fp_line (start -0.29 1.08) (end -0.29 1.236) (layer F.SilkS) (width 0.12))
    (fp_line (start -0.29 -1.236) (end -0.29 -1.08) (layer F.SilkS) (width 0.12))
    (fp_line (start -0.23 -1.16619) (end -0.23 1.16619) (layer F.Fab) (width 0.1))
    (fp_circle (center 1.27 0) (end 2.77 0) (layer F.Fab) (width 0.1))
    (fp_arc (start 1.27 0) (end 0.229039 1.08) (angle -87.9) (layer F.SilkS) (width 0.12))
    (fp_arc (start 1.27 0) (end 0.229039 -1.08) (angle 87.9) (layer F.SilkS) (width 0.12))
    (fp_arc (start 1.27 0) (end -0.29 1.235516) (angle -108.8) (layer F.SilkS) (width 0.12))
    (fp_arc (start 1.27 0) (end -0.29 -1.235516) (angle 108.8) (layer F.SilkS) (width 0.12))
    (fp_arc (start 1.27 0) (end -0.23 -1.16619) (angle 284.3) (layer F.Fab) (width 0.1))
    (pad 2 thru_hole circle (at 2.54 0 90) (size 1.8 1.8) (drill 0.9) (layers *.Cu *.Mask))
    (pad 1 thru_hole rect (at 0 0 90) (size 1.8 1.8) (drill 0.9) (layers *.Cu *.Mask))
    (model ${KISYS3DMOD}/LEDs.3dshapes/LED_D3.0mm.wrl
      (at (xyz 0 0 0))
      (scale (xyz 0.393701 0.393701 0.393701))
      (rotate (xyz 0 0 0))
    )
  )

  (module LEDs:LED_D3.0mm (layer F.Cu) (tedit 587A3A7B) (tstamp 60E98A54)
    (at 241.3 129.54 90)
    (descr "LED, diameter 3.0mm, 2 pins")
    (tags "LED diameter 3.0mm 2 pins")
    (fp_text reference REF** (at 1.27 -3.175 90) (layer F.SilkS)
      (effects (font (size 1 1) (thickness 0.15)))
    )
    (fp_text value LED_D3.0mm (at 1.27 2.96 90) (layer F.Fab)
      (effects (font (size 1 1) (thickness 0.15)))
    )
    (fp_line (start 3.7 -2.25) (end -1.15 -2.25) (layer F.CrtYd) (width 0.05))
    (fp_line (start 3.7 2.25) (end 3.7 -2.25) (layer F.CrtYd) (width 0.05))
    (fp_line (start -1.15 2.25) (end 3.7 2.25) (layer F.CrtYd) (width 0.05))
    (fp_line (start -1.15 -2.25) (end -1.15 2.25) (layer F.CrtYd) (width 0.05))
    (fp_line (start -0.29 1.08) (end -0.29 1.236) (layer F.SilkS) (width 0.12))
    (fp_line (start -0.29 -1.236) (end -0.29 -1.08) (layer F.SilkS) (width 0.12))
    (fp_line (start -0.23 -1.16619) (end -0.23 1.16619) (layer F.Fab) (width 0.1))
    (fp_circle (center 1.27 0) (end 2.77 0) (layer F.Fab) (width 0.1))
    (fp_arc (start 1.27 0) (end 0.229039 1.08) (angle -87.9) (layer F.SilkS) (width 0.12))
    (fp_arc (start 1.27 0) (end 0.229039 -1.08) (angle 87.9) (layer F.SilkS) (width 0.12))
    (fp_arc (start 1.27 0) (end -0.29 1.235516) (angle -108.8) (layer F.SilkS) (width 0.12))
    (fp_arc (start 1.27 0) (end -0.29 -1.235516) (angle 108.8) (layer F.SilkS) (width 0.12))
    (fp_arc (start 1.27 0) (end -0.23 -1.16619) (angle 284.3) (layer F.Fab) (width 0.1))
    (pad 2 thru_hole circle (at 2.54 0 90) (size 1.8 1.8) (drill 0.9) (layers *.Cu *.Mask))
    (pad 1 thru_hole rect (at 0 0 90) (size 1.8 1.8) (drill 0.9) (layers *.Cu *.Mask))
    (model ${KISYS3DMOD}/LEDs.3dshapes/LED_D3.0mm.wrl
      (at (xyz 0 0 0))
      (scale (xyz 0.393701 0.393701 0.393701))
      (rotate (xyz 0 0 0))
    )
  )

  (module LEDs:LED_D3.0mm_Horizontal_O6.35mm_Z10.0mm (layer F.Cu) (tedit 5880A862) (tstamp 60DFFBCC)
    (at 188.849 56.007 90)
    (descr "LED, diameter 3.0mm z-position of LED center 2.0mm, 2 pins, diameter 3.0mm z-position of LED center 2.0mm, 2 pins, diameter 3.0mm z-position of LED center 2.0mm, 2 pins, diameter 3.0mm z-position of LED center 6.0mm, 2 pins, diameter 3.0mm z-position of LED center 6.0mm, 2 pins, diameter 3.0mm z-position of LED center 6.0mm, 2 pins, diameter 3.0mm z-position of LED center 10.0mm, 2 pins, diameter 3.0mm z-position of LED center 10.0mm, 2 pins, diameter 3.0mm z-position of LED center 10.0mm, 2 pins")
    (tags "LED diameter 3.0mm z-position of LED center 2.0mm 2 pins diameter 3.0mm z-position of LED center 2.0mm 2 pins diameter 3.0mm z-position of LED center 2.0mm 2 pins diameter 3.0mm z-position of LED center 6.0mm 2 pins diameter 3.0mm z-position of LED center 6.0mm 2 pins diameter 3.0mm z-position of LED center 6.0mm 2 pins diameter 3.0mm z-position of LED center 10.0mm 2 pins diameter 3.0mm z-position of LED center 10.0mm 2 pins diameter 3.0mm z-position of LED center 10.0mm 2 pins")
    (fp_text reference REF** (at 1.27 -1.96 90) (layer F.SilkS)
      (effects (font (size 1 1) (thickness 0.15)))
    )
    (fp_text value LED_D3.0mm_Horizontal_O6.35mm_Z10.0mm (at 1.27 12.71 90) (layer F.Fab)
      (effects (font (size 1 1) (thickness 0.15)))
    )
    (fp_line (start 3.75 -1.25) (end -1.25 -1.25) (layer F.CrtYd) (width 0.05))
    (fp_line (start 3.75 12) (end 3.75 -1.25) (layer F.CrtYd) (width 0.05))
    (fp_line (start -1.25 12) (end 3.75 12) (layer F.CrtYd) (width 0.05))
    (fp_line (start -1.25 -1.25) (end -1.25 12) (layer F.CrtYd) (width 0.05))
    (fp_line (start 2.54 1.08) (end 2.54 1.08) (layer F.SilkS) (width 0.12))
    (fp_line (start 2.54 6.29) (end 2.54 1.08) (layer F.SilkS) (width 0.12))
